3
case
villa
12
120
3
120
09192135423
5
100000
2000
amir
1705430848
1
12
1706900028
2
case
villa
24
120
3
120
09192135423
5
100000
2000
amir
1705430848
1
12
1706900028
8
adres
villa
932
58483
541
235
09678459123
32
20000
31
admin
1706897688
0
18
1706900028
65
koe
apae
201
235
3124
78213
09194263578
95
65214798
6485
admin
1706897971
1
19
1706900028
6
7
o
45
12
34
65
09876541238
65
15278
325
admin
1706898073
1
20
1706900028
658
kerman
vilw
873
5487
65
2315
09875462184
65
3241
24
admin
1706899942
1
25
1706900028
